0.06427 0.51753 0.96527 0.72708 0.54443 0.26576 -0.32298 
-0.25857 0.68243 0.95316 0.86098 -0.18077 -0.47351 -0.04262 
-0.27450 0.66997 1.04324 0.65179 0.51157 0.38673 -0.40485 
0.15127 0.80417 1.12560 0.92480 -0.25784 0.03766 0.27721 
0.27467 0.80626 1.04850 0.97732 0.09003 -0.00100 0.19167 
-0.24694 0.68779 0.94400 0.81921 -0.10609 -0.56320 0.02081 
-0.27454 0.66962 1.06196 0.65038 0.52045 0.37218 -0.40942 
-0.25807 0.68137 0.96761 0.83221 -0.20286 -0.50987 -0.07944 
0.06506 0.52056 0.95388 0.71747 0.25465 -0.63631 0.12451 
0.06462 0.52197 1.00387 0.66150 0.39099 0.52999 -0.35868 
-0.27416 0.67031 1.07710 0.69141 0.52109 0.34807 -0.35954 
0.06992 0.52337 0.94559 0.78173 -0.26344 -0.55537 -0.10521 
0.07149 0.51611 1.19505 0.59260 -0.79835 -0.10275 -0.03005 
-0.27092 0.67000 0.99361 0.59557 0.53543 0.38973 -0.45466 
0.06503 0.52309 1.02083 0.69365 0.35468 0.54625 -0.30768 
0.37019 0.80146 0.98982 0.97699 0.08050 -0.00149 0.19751 
-0.26941 0.68388 1.14925 0.42835 0.88059 0.07245 -0.18929 
0.16734 0.80937 1.11491 0.94266 0.24796 0.05406 0.21676 
-0.27041 0.68257 0.99159 0.52557 0.61002 0.34000 -0.48585 
0.19109 0.80568 1.10074 0.97482 0.09927 -0.01562 0.19907 
-0.26888 0.66694 1.14614 0.57487 -0.81666 -0.00924 0.05017 
-0.26745 0.68764 1.00792 0.79773 -0.08723 -0.59647 -0.01560 
0.07179 0.51656 0.95486 -0.59580 0.62603 0.37579 0.33450 
0.06704 0.51705 1.19421 0.81190 0.56298 -0.06292 0.14109 
-0.25565 0.68788 1.00327 0.77235 0.05488 -0.63267 0.01398 
0.15497 0.80768 1.12313 0.96294 0.13613 0.01639 0.23226 
0.07027 0.52456 1.18504 0.96682 0.13109 0.03093 0.21705 
0.07122 0.52123 1.19112 0.88730 -0.42417 0.03723 0.17715 
-0.28097 0.68405 1.10209 0.84128 -0.02005 -0.53897 -0.03699 
-0.26952 0.68649 1.05470 0.40594 0.67233 0.23291 -0.57353 
-0.27257 0.69165 1.01461 0.47154 0.66185 0.28292 -0.50946 
-0.27491 0.69780 1.08366 0.48012 0.53831 -0.49131 0.48819 
0.06388 0.51074 0.98414 0.56520 0.54867 0.38813 -0.47840 
-0.27433 0.67768 1.14824 0.29193 -0.95642 0.00395 0.00506 
-0.27482 0.67221 1.01791 0.56525 0.52569 0.41243 -0.48379 
-0.27045 0.68232 1.01030 0.50661 0.57988 0.37307 -0.51760 
-0.25637 0.68878 1.02039 0.78108 0.02316 -0.62369 0.01964 
-0.27454 0.67518 1.05518 0.51327 0.55369 0.38997 -0.52716 
-0.25900 0.68765 1.05930 0.78631 0.09487 -0.60985 0.02828 
0.39185 0.80182 0.97083 0.96977 0.07780 0.00742 0.23116 
-0.26053 0.68804 0.98539 0.78227 -0.08991 -0.61617 -0.01767 
-0.27491 0.69076 1.14479 0.73470 0.65154 -0.09704 0.16213 
0.25858 0.80448 1.05652 0.96936 0.10076 -0.00727 0.22393 
0.06426 0.51235 1.04106 0.54608 0.52686 0.41747 -0.49994 
0.34207 0.80747 0.98029 0.98617 -0.14147 -0.08545 -0.01209 
-0.27407 0.67906 1.07329 0.49279 0.57007 0.36868 -0.54429 
0.06862 0.52029 1.10173 0.62223 0.35671 0.56401 -0.40924 
0.07155 0.52022 1.14516 -0.52355 0.46768 0.53383 0.47138 
-0.27350 0.68019 1.03271 0.46988 0.57850 0.36192 -0.55997 
0.28487 0.80402 1.03991 0.97087 0.09572 -0.00618 0.21958 
0.07142 0.52167 0.97793 -0.63075 0.45669 0.53713 0.32416 
-0.27694 0.67490 1.14086 0.87512 0.45098 -0.04275 0.17019 
-0.25922 0.68841 1.07502 0.77166 0.03828 -0.63394 0.03441 
-0.27500 0.68405 1.08725 0.68497 0.66554 0.17369 -0.24022 
-0.26166 0.68723 1.09817 0.78612 0.12361 -0.60522 0.02117 
-0.27210 0.67153 1.12057 0.83672 0.54094 -0.01724 -0.08358 
0.23268 0.80492 1.07318 0.97011 0.10613 -0.00637 0.21811 
-0.26464 0.68843 1.03517 0.77749 -0.08208 -0.62350 -0.00496 
0.06856 0.52662 0.99499 0.72298 0.18642 -0.64145 0.17634 
-0.27493 0.67984 1.10039 0.58950 0.58062 0.36108 -0.43011 
0.06415 0.51591 1.07742 0.56938 0.46140 0.47247 -0.48959 
-0.27498 0.69878 1.10040 -0.46539 -0.49108 0.52715 -0.51417 
0.07154 0.52114 1.05084 -0.55101 0.48154 0.53514 0.42206 
0.07277 0.52541 1.04900 0.82822 0.25876 0.47930 -0.13177 
-0.25618 0.68816 0.96636 0.75473 -0.05696 -0.64951 0.07264 
0.07181 0.52107 1.09556 -0.60470 0.45561 0.53873 0.36951 
0.06996 0.52290 0.97490 -0.71331 -0.11058 0.67279 -0.16222 
0.14384 0.80277 1.10528 0.95932 -0.25738 -0.03045 0.11190 
-0.27302 0.68545 1.13494 0.97203 -0.00272 -0.00756 0.23473 
-0.26886 0.68763 1.05929 0.77552 -0.08845 -0.62487 -0.01708 
0.07215 0.52134 1.03195 -0.63106 0.42588 0.55356 0.33758 
0.07153 0.51903 1.00467 -0.52256 0.55820 0.47271 0.43805 
0.07114 0.51705 0.99065 -0.49554 0.58993 0.43758 0.46363 
0.07270 0.52558 1.11723 0.75619 0.24652 0.57297 -0.19776 
0.07024 0.52433 1.08255 -0.71805 0.30023 0.58246 0.23453 
0.20940 0.80295 1.08619 0.96494 0.11229 -0.01705 0.23662 
0.07220 0.52195 1.12466 -0.70180 0.33003 0.57134 0.26855 
-0.27397 0.67241 1.13762 0.78952 0.60091 -0.08018 0.09556 
0.07113 0.51861 1.07130 -0.45504 0.53466 0.48147 0.52466 
0.07079 0.52324 1.02687 0.71433 0.13279 -0.67626 0.12155 
0.07151 0.52007 1.02005 -0.53228 0.52057 0.51191 0.42852 
0.06458 0.51526 1.13676 0.52520 0.46533 0.47704 -0.52922 
0.06985 0.52406 1.06215 -0.71570 0.27450 0.60608 0.21234 
0.07123 0.51926 1.10612 -0.47618 0.54516 0.47878 0.49681 
0.06664 0.52029 1.09192 -0.73194 0.07798 0.66800 0.10933 
0.07025 0.52310 1.13258 0.77279 0.22005 -0.57288 0.16179 
0.06930 0.52410 1.04959 -0.71969 0.17483 0.65139 0.16482 
0.30371 0.80180 1.02579 0.96680 0.07826 -0.01928 0.24250 
0.06592 0.52024 0.96458 0.73058 -0.12532 -0.67122 -0.00283 
0.06948 0.52480 1.15293 -0.73928 0.24406 0.59505 0.19954 
0.07108 0.52354 1.00946 0.72318 0.07380 -0.68294 0.07184 
0.07182 0.52507 1.16064 0.76233 0.31200 0.49107 -0.28349 
0.38760 0.80356 0.95403 0.99635 -0.04385 -0.07261 0.00995 
0.06867 0.52318 1.07841 -0.73298 0.03924 0.67685 0.05554 
0.31399 0.80589 1.00011 0.98554 -0.14417 -0.07907 -0.04095 
0.06782 0.51977 1.10559 -0.72660 0.06022 0.67590 0.10767 
0.21446 0.80724 1.06279 0.97859 -0.14380 -0.09443 -0.11295 
0.07054 0.52386 1.00774 -0.70208 0.31710 0.59956 0.21692 
-0.27472 0.67627 1.12353 0.73911 0.66861 0.00797 -0.08141 
0.07005 0.52345 1.03243 0.73094 -0.04211 -0.68108 -0.00942 
-0.26725 0.68879 1.07867 0.74902 -0.03715 -0.66140 0.01181 
0.07017 0.52362 1.08456 0.71554 0.13939 -0.67432 0.11774 
0.07072 0.52387 1.06759 0.72479 0.15218 -0.65981 0.12714 
0.33146 0.80082 1.00844 0.97569 0.04136 -0.02830 0.21336 
0.06905 0.52375 0.99315 0.72866 -0.05703 -0.68249 -0.00138 
0.06941 0.52450 1.16355 0.81870 -0.39282 -0.40798 -0.09471 
0.16329 0.80490 1.09677 0.97422 -0.18039 -0.08204 -0.10782 
-0.27500 0.68491 1.11467 -0.46389 -0.50194 0.52316 -0.50909 
0.06989 0.52316 1.14011 -0.73238 -0.03238 0.67936 0.03238 
0.06848 0.51974 1.06370 -0.73128 0.04527 0.67996 0.02909 
0.36382 0.80602 0.96711 0.98952 -0.09752 -0.10603 -0.00955 
0.07140 0.52072 1.17170 -0.58554 0.61634 0.37982 0.36469 
0.07064 0.52323 1.15439 0.74664 0.08730 -0.65886 0.02852 
0.07141 0.52071 1.12058 -0.51006 0.52720 0.49462 0.46611 
0.06979 0.52273 1.17053 0.94946 0.30999 0.03792 0.03160 
0.06948 0.52281 1.10359 0.71783 0.11062 -0.68066 0.09580 
0.19782 0.80439 1.07516 0.98293 -0.13103 -0.09880 -0.08319 
0.23418 0.80444 1.05158 0.98807 -0.10859 -0.08627 -0.06698 
0.06802 0.52342 1.11675 0.72360 0.04503 -0.68690 0.05049 
0.31656 0.79982 1.01588 0.97661 0.04677 -0.02120 0.20877 
-0.27481 0.70026 1.11541 0.63296 0.71427 -0.20729 0.21496 
0.06847 0.51754 1.18261 0.74012 0.67154 0.03072 -0.01748 
0.18295 0.80438 1.08410 0.98234 -0.13602 -0.09632 -0.08507 
0.25085 0.80456 1.04065 0.99050 -0.10148 -0.07699 -0.05185 
0.24369 0.80030 1.06085 0.98007 0.02611 -0.02422 0.19541 
0.14799 0.79783 1.11551 0.97929 -0.01437 -0.00745 0.20181 
-0.27489 0.67907 1.13390 0.72787 0.68052 -0.05547 0.06338 
-0.26939 0.68462 1.10917 0.79469 0.03713 -0.60535 0.02534 
0.27713 0.80258 1.02712 0.99297 -0.08917 -0.05839 -0.05156 
-0.27432 0.69185 1.13297 0.61851 0.78062 -0.06589 0.06115 
0.17513 0.80013 1.10486 0.97911 0.04755 -0.00130 0.19769 
0.34985 0.79893 0.99331 0.97825 0.03250 -0.00862 0.20468 
0.06623 0.52381 1.16490 0.93207 -0.01439 -0.35990 0.03875 
0.32857 0.80014 0.99605 0.99627 -0.06172 -0.04228 0.04305 
0.29476 0.80176 1.01594 0.99632 -0.07031 -0.04617 -0.01632 
0.19782 0.80018 1.08912 0.98174 0.03820 -0.01606 0.18565 
0.35386 0.80053 0.98078 0.99817 -0.03261 -0.03527 0.03673 
0.15892 0.79892 1.10754 0.99111 -0.04097 -0.00228 0.12654 
-0.28261 0.68282 1.11549 0.98291 -0.15335 -0.02899 0.09759 
0.37313 0.79439 0.97470 0.99049 -0.01615 -0.02754 0.13383 
0.18154 0.79915 1.09325 0.99600 -0.05343 -0.03811 0.06062 
0.07078 0.52234 1.17915 0.96874 -0.20983 0.02913 0.12909 
-0.28156 0.68031 1.13045 0.96093 -0.22938 0.00070 0.15489 
-0.26338 0.68281 1.12735 0.98527 0.15210 -0.01090 0.07741 
0.26460 0.79929 1.03996 0.99455 -0.06011 -0.02279 0.08204 
0.22980 0.79915 1.06126 0.99542 -0.06089 -0.02414 0.06967 
0.25159 0.79915 1.04972 0.99316 -0.03137 -0.01741 0.11109 
0.21915 0.79860 1.07195 0.99342 -0.03012 -0.01001 0.11005 
0.22285 0.79912 1.06650 0.99646 -0.04574 -0.01682 0.06844 
-0.26701 0.68395 1.12669 0.99198 0.10520 -0.02143 0.06670 
0.29923 0.79929 1.01854 0.99570 -0.02747 -0.01505 0.08720 
-0.28291 0.68235 1.12605 0.98450 -0.12950 -0.00113 0.11827 
-0.27613 0.68455 1.12302 0.99831 0.04135 -0.02369 0.03312 
-0.28079 0.68425 1.12062 0.99594 -0.05159 -0.01852 0.07141 
-0.27304 0.68347 1.12989 0.99375 0.09664 -0.01220 0.05459 
-0.27666 0.68384 1.12496 0.99618 -0.03828 -0.00463 0.07841 
-0.28065 0.68294 1.13143 0.98362 -0.11908 0.00365 0.13527 
-0.27692 0.68392 1.12926 0.99095 -0.07155 0.00078 0.11360 
-0.27617 0.68437 1.12939 0.99667 0.03021 -0.00458 0.07558 
