0.06434 0.51750 0.96518 0.72713 0.54440 0.26580 -0.32289 
-0.25847 0.68246 0.95303 0.86099 -0.18087 -0.47345 -0.04263 
-0.27441 0.67001 1.04311 0.65184 0.51155 0.38677 -0.40476 
0.15137 0.80414 1.12549 0.92476 -0.25793 0.03769 0.27725 
0.27479 0.80620 1.04841 0.97732 0.08994 -0.00097 0.19173 
-0.24683 0.68781 0.94386 0.81923 -0.10620 -0.56316 0.02080 
-0.27445 0.66966 1.06183 0.65043 0.52043 0.37222 -0.40933 
-0.25797 0.68140 0.96747 0.83222 -0.20295 -0.50981 -0.07945 
0.06513 0.52053 0.95379 0.71752 0.25454 -0.63629 0.12450 
0.06469 0.52195 1.00378 0.66153 0.39098 0.53004 -0.35858 
-0.27407 0.67035 1.07696 0.69146 0.52106 0.34811 -0.35945 
0.06999 0.52334 0.94550 0.78174 -0.26353 -0.55530 -0.10523 
0.07154 0.51611 1.19497 0.59254 -0.79841 -0.10267 -0.03007 
-0.27083 0.67003 0.99347 0.59562 0.53542 0.38977 -0.45457 
0.06510 0.52307 1.02074 0.69367 0.35466 0.54629 -0.30758 
0.37031 0.80138 0.98974 0.97698 0.08041 -0.00146 0.19757 
-0.26933 0.68393 1.14911 0.42843 0.88057 0.07244 -0.18922 
0.16745 0.80934 1.11480 0.94267 0.24786 0.05408 0.21683 
-0.27031 0.68261 0.99146 0.52563 0.61002 0.34004 -0.48576 
0.19120 0.80564 1.10064 0.97482 0.09918 -0.01559 0.19912 
-0.26880 0.66699 1.14600 0.57479 -0.81671 -0.00917 0.05015 
-0.26735 0.68768 1.00778 0.79775 -0.08733 -0.59642 -0.01562 
0.07186 0.51653 0.95478 -0.59578 0.62609 0.37570 0.33453 
0.06709 0.51705 1.19412 0.81195 0.56290 -0.06292 0.14115 
-0.25555 0.68791 1.00313 0.77238 0.05478 -0.63264 0.01396 
0.15507 0.80765 1.12302 0.96294 0.13604 0.01641 0.23232 
0.07032 0.52455 1.18495 0.96682 0.13099 0.03095 0.21711 
0.07126 0.52123 1.19103 0.88726 -0.42426 0.03728 0.17718 
-0.28088 0.68409 1.10195 0.84130 -0.02015 -0.53892 -0.03699 
-0.26943 0.68653 1.05456 0.40602 0.67234 0.23294 -0.57345 
-0.27248 0.69169 1.01447 0.47161 0.66185 0.28296 -0.50938 
-0.27482 0.69784 1.08352 0.48016 0.53821 -0.49136 0.48820 
0.06394 0.51071 0.98405 0.56525 0.54866 0.38818 -0.47830 
-0.27425 0.67773 1.14811 0.29184 -0.95644 0.00401 0.00502 
-0.27473 0.67224 1.01777 0.56530 0.52568 0.41247 -0.48370 
-0.27035 0.68235 1.01017 0.50667 0.57988 0.37312 -0.51751 
-0.25627 0.68881 1.02025 0.78112 0.02305 -0.62365 0.01963 
-0.27445 0.67522 1.05504 0.51333 0.55370 0.39002 -0.52707 
-0.25891 0.68769 1.05916 0.78635 0.09477 -0.60982 0.02827 
0.39197 0.80173 0.97075 0.96977 0.07770 0.00744 0.23122 
-0.26043 0.68807 0.98525 0.78229 -0.09001 -0.61612 -0.01768 
-0.27483 0.69081 1.14465 0.73476 0.65146 -0.09706 0.16220 
0.25867 0.80434 1.05611 0.96932 0.10067 -0.00723 0.22412 
0.06432 0.51223 1.04073 0.54618 0.52694 0.41744 -0.49976 
0.34217 0.80729 0.97989 0.98617 -0.14156 -0.08535 -0.01191 
-0.27400 0.67901 1.07285 0.49290 0.57015 0.36865 -0.54413 
0.06867 0.52020 1.10141 0.62229 0.35681 0.56402 -0.40905 
0.07158 0.52014 1.14483 -0.52365 0.46779 0.53366 0.47135 
-0.27342 0.68012 1.03227 0.47001 0.57858 0.36188 -0.55980 
0.28496 0.80387 1.03951 0.97083 0.09563 -0.00614 0.21978 
0.07149 0.52153 0.97760 -0.63082 0.45682 0.53696 0.32411 
-0.27687 0.67487 1.14042 0.87512 0.45090 -0.04278 0.17039 
-0.25915 0.68836 1.07458 0.77171 0.03810 -0.63389 0.03452 
-0.27493 0.68400 1.08681 0.68505 0.66554 0.17363 -0.24002 
-0.26159 0.68718 1.09772 0.78617 0.12343 -0.60519 0.02129 
-0.27204 0.67149 1.12013 0.83678 0.54088 -0.01727 -0.08338 
0.23277 0.80479 1.07276 0.97008 0.10605 -0.00633 0.21831 
-0.26456 0.68836 1.03473 0.77753 -0.08225 -0.62342 -0.00486 
0.06862 0.52649 0.99466 0.72300 0.18623 -0.64144 0.17645 
-0.27486 0.67980 1.09995 0.58960 0.58068 0.36104 -0.42992 
0.06420 0.51581 1.07710 0.56947 0.46149 0.47246 -0.48941 
-0.27491 0.69873 1.09995 -0.46537 -0.49090 0.52724 -0.51426 
0.07159 0.52103 1.05051 -0.55110 0.48165 0.53497 0.42203 
0.07282 0.52529 1.04868 0.82823 0.25881 0.47932 -0.13155 
-0.25609 0.68806 0.96591 0.75476 -0.05715 -0.64945 0.07274 
0.07185 0.52098 1.09523 -0.60478 0.45573 0.53857 0.36946 
0.07003 0.52275 0.97457 -0.71334 -0.11038 0.67277 -0.16232 
0.14392 0.80267 1.10485 0.95929 -0.25747 -0.03034 0.11207 
-0.27295 0.68542 1.13450 0.97198 -0.00281 -0.00750 0.23492 
-0.26879 0.68756 1.05885 0.77556 -0.08862 -0.62479 -0.01698 
0.07220 0.52121 1.03162 -0.63114 0.42600 0.55340 0.33753 
0.07159 0.51890 1.00434 -0.52264 0.55830 0.47253 0.43803 
0.07120 0.51692 0.99033 -0.49562 0.59001 0.43739 0.46361 
0.07274 0.52550 1.11690 0.75620 0.24659 0.57300 -0.19756 
0.07029 0.52423 1.08222 -0.71812 0.30037 0.58233 0.23446 
0.20949 0.80283 1.08577 0.96490 0.11220 -0.01701 0.23681 
0.07224 0.52187 1.12433 -0.70187 0.33017 0.57121 0.26848 
-0.27391 0.67238 1.13718 0.78955 0.60084 -0.08024 0.09575 
0.07118 0.51851 1.07098 -0.45515 0.53474 0.48129 0.52464 
0.07085 0.52312 1.02654 0.71437 0.13260 -0.67624 0.12165 
0.07157 0.51995 1.01973 -0.53237 0.52067 0.51174 0.42849 
0.06462 0.51518 1.13643 0.52530 0.46542 0.47703 -0.52904 
0.06990 0.52395 1.06182 -0.71577 0.27465 0.60596 0.21226 
0.07128 0.51917 1.10579 -0.47628 0.54524 0.47861 0.49680 
0.06669 0.52019 1.09159 -0.73201 0.07815 0.66792 0.10924 
0.07029 0.52302 1.13225 0.77282 0.21987 -0.57287 0.16192 
0.06936 0.52398 1.04926 -0.71976 0.17499 0.65129 0.16474 
0.30380 0.80164 1.02539 0.96676 0.07817 -0.01923 0.24269 
0.06598 0.52009 0.96425 0.73062 -0.12551 -0.67114 -0.00274 
0.06952 0.52473 1.15260 -0.73934 0.24421 0.59494 0.19946 
0.07114 0.52341 1.00913 0.72323 0.07361 -0.68290 0.07194 
0.07186 0.52500 1.16031 0.76237 0.31207 0.49108 -0.28328 
0.38771 0.80337 0.95364 0.99635 -0.04393 -0.07253 0.01014 
0.06872 0.52307 1.07809 -0.73304 0.03942 0.67678 0.05545 
0.31409 0.80573 0.99971 0.98554 -0.14426 -0.07896 -0.04078 
0.06787 0.51968 1.10526 -0.72667 0.06039 0.67582 0.10758 
0.21455 0.80711 1.06237 0.97861 -0.14388 -0.09432 -0.11278 
0.07060 0.52373 1.00741 -0.70215 0.31725 0.59943 0.21685 
-0.27465 0.67623 1.12309 0.73917 0.66856 0.00790 -0.08121 
0.07011 0.52333 1.03210 0.73099 -0.04230 -0.68101 -0.00933 
-0.26718 0.68874 1.07822 0.74907 -0.03733 -0.66134 0.01191 
0.07022 0.52360 1.08443 0.71557 0.13926 -0.67431 0.11775 
0.07077 0.52385 1.06745 0.72483 0.15205 -0.65980 0.12715 
0.33156 0.80074 1.00828 0.97567 0.04126 -0.02827 0.21345 
0.06911 0.52372 0.99301 0.72869 -0.05716 -0.68245 -0.00137 
0.06945 0.52450 1.16342 0.81870 -0.39292 -0.40790 -0.09469 
0.16339 0.80487 1.09660 0.97422 -0.18048 -0.08197 -0.10774 
-0.27493 0.68496 1.11448 -0.46391 -0.50183 0.52323 -0.50911 
0.06994 0.52316 1.13998 -0.73241 -0.03225 0.67933 0.03237 
0.06853 0.51972 1.06356 -0.73131 0.04539 0.67992 0.02908 
0.36393 0.80593 0.96695 0.98952 -0.09761 -0.10598 -0.00947 
0.07145 0.52072 1.17156 -0.58554 0.61641 0.37971 0.36470 
0.07068 0.52323 1.15425 0.74667 0.08717 -0.65884 0.02854 
0.07146 0.52070 1.12045 -0.51008 0.52727 0.49451 0.46613 
0.06983 0.52273 1.17040 0.94948 0.30991 0.03793 0.03171 
0.06953 0.52280 1.10345 0.71786 0.11049 -0.68065 0.09581 
0.19792 0.80435 1.07498 0.98293 -0.13112 -0.09873 -0.08312 
0.23428 0.80439 1.05141 0.98807 -0.10868 -0.08621 -0.06690 
0.06807 0.52341 1.11662 0.72363 0.04491 -0.68687 0.05050 
0.31666 0.79975 1.01571 0.97660 0.04668 -0.02118 0.20886 
-0.27473 0.70031 1.11522 0.63301 0.71419 -0.20735 0.21504 
0.06850 0.51754 1.18248 0.74018 0.67148 0.03069 -0.01738 
0.18305 0.80434 1.08393 0.98234 -0.13611 -0.09626 -0.08500 
0.25095 0.80451 1.04048 0.99050 -0.10157 -0.07694 -0.05177 
0.24379 0.80025 1.06068 0.98006 0.02602 -0.02420 0.19550 
0.14809 0.79781 1.11533 0.97927 -0.01446 -0.00742 0.20189 
-0.27482 0.67912 1.13371 0.72793 0.68045 -0.05551 0.06347 
-0.26932 0.68467 1.10897 0.79472 0.03701 -0.60532 0.02537 
0.27723 0.80252 1.02696 0.99297 -0.08926 -0.05834 -0.05148 
-0.27425 0.69191 1.13278 0.61857 0.78056 -0.06594 0.06123 
0.17522 0.80010 1.10468 0.97910 0.04745 -0.00128 0.19778 
0.34996 0.79885 0.99315 0.97824 0.03240 -0.00860 0.20476 
0.06627 0.52381 1.16477 0.93209 -0.01451 -0.35986 0.03880 
0.32868 0.80006 0.99589 0.99626 -0.06181 -0.04223 0.04314 
0.29486 0.80169 1.01577 0.99632 -0.07040 -0.04612 -0.01624 
0.19792 0.80014 1.08894 0.98173 0.03811 -0.01604 0.18574 
0.35397 0.80045 0.98062 0.99817 -0.03271 -0.03523 0.03681 
0.15901 0.79890 1.10737 0.99110 -0.04106 -0.00224 0.12662 
-0.28254 0.68287 1.11529 0.98289 -0.15344 -0.02894 0.09767 
0.37323 0.79430 0.97454 0.99048 -0.01625 -0.02750 0.13392 
0.18163 0.79912 1.09307 0.99599 -0.05352 -0.03807 0.06070 
0.07082 0.52234 1.17901 0.96871 -0.20992 0.02918 0.12918 
-0.28149 0.68036 1.13026 0.96090 -0.22947 0.00075 0.15496 
-0.26331 0.68286 1.12716 0.98528 0.15201 -0.01088 0.07751 
0.26470 0.79923 1.03979 0.99454 -0.06020 -0.02275 0.08213 
0.22990 0.79911 1.06109 0.99541 -0.06099 -0.02410 0.06976 
0.25169 0.79909 1.04955 0.99315 -0.03146 -0.01737 0.11117 
0.21924 0.79856 1.07178 0.99341 -0.03021 -0.00998 0.11014 
0.22294 0.79908 1.06633 0.99645 -0.04583 -0.01677 0.06853 
-0.26694 0.68400 1.12650 0.99198 0.10510 -0.02140 0.06679 
0.29934 0.79922 1.01837 0.99569 -0.02756 -0.01501 0.08729 
-0.28284 0.68241 1.12586 0.98448 -0.12959 -0.00109 0.11835 
-0.27605 0.68460 1.12283 0.99832 0.04126 -0.02365 0.03321 
-0.28071 0.68430 1.12042 0.99593 -0.05168 -0.01848 0.07149 
-0.27297 0.68352 1.12970 0.99375 0.09655 -0.01217 0.05468 
-0.27659 0.68389 1.12476 0.99617 -0.03837 -0.00459 0.07849 
-0.28058 0.68300 1.13123 0.98360 -0.11918 0.00369 0.13536 
-0.27685 0.68397 1.12906 0.99093 -0.07164 0.00082 0.11369 
-0.27609 0.68442 1.12919 0.99667 0.03012 -0.00455 0.07567 
